StrainIndex  Lineage  Cluster  Name
1            1        2        1146
2            2        3        1815
3            2        3        19-01
4            2        4        19-02
5            2        4        19-03
6            2        3        19-04
7            2        3        19-05
8            2        4        19-06
9            2        3        19-07
10           2        3        19-08
11           2        3        19-09
12           2        4        19-10
13           2        4        19-11
14           2        4        19-12
15           2        4        19-13
16           2        4        19-14
17           2        4        19-15
18           2        3        19-16
19           2        4        19-17
20           2        3        19-18
21           2        3        19-19
22           2        3        19-20
23           2        4        19-21
24           2        4        19-23
25           2        3        19-24
26           2        4        19-25
27           2        3        19-26
28           2        4        19-28
29           2        3        19-29
30           2        4        19-32
31           2        4        19-33
32           1        2        19-35
33           2        3        19-36
34           2        3        19-38
35           2        3        19-40
36           2        3        19-42
37           1        2        1A
38           2        4        20-01
39           2        4        20-02
40           2        4        20-03
41           2        3        20-04
42           2        4        20-05
43           2        4        20-06
44           2        3        20-07
45           2        4        22-01
46           2        4        22-02
47           2        4        22-03
48           2        4        22-04
49           2        3        22-05
50           2        4        22-06
51           2        4        22-08
52           2        3        2262
53           1        2        3201
54           1        2        3751
55           2        4        396A
56           2        4        429A
57           1        2        55
58           2        3        63
59           2        3        7108
60           2        3        725A_RS6
61           2        4        735A
62           2        4        758_SSAP
63           2        3        889
64           2        3        9325
65           2        3        937
66           2        4        9556
67           2        4        9777
68           2        4        AC34
69           2        4        AG1
70           2        3        ATCC15305
71           2        4        B2
72           2        4        BC4
73           2        3        BWH3
74           2        3        C006
75           2        4        C007
76           2        3        C008
77           2        4        C011
78           2        3        C012
79           2        4        C013
80           2        3        C014
81           2        3        C015
82           2        4        C016
83           2        3        C017
84           2        4        C018
85           2        4        C019
86           2        4        C020
87           2        3        C021
88           2        3        C022
89           2        3        C023
90           2        4        C024
91           2        3        C025
92           2        3        C026
93           2        4        C027
94           2        3        C028
95           2        4        C029
96           2        3        C030
97           2        3        C031
98           2        3        C032
99           2        4        C033
100          2        3        C034
101          2        3        C035
102          2        4        C037
103          2        4        C038
104          2        3        C039
105          2        4        C040
106          2        3        C041
107          1        2        C042
108          2        4        C043
109          2        3        C044
110          2        3        C045
111          2        3        C046
112          2        4        C047
113          2        3        C048
114          2        3        C050
115          2        3        C051
116          2        4        C052
117          2        3        C053
118          2        3        C054
119          2        4        C059
120          2        3        C064
121          2        4        C065
122          2        3        C066
123          1        2        C067
124          2        3        C068
125          2        4        C069
126          2        4        C070
127          2        3        C071
128          2        4        C072
129          2        4        C073
130          2        3        C074
131          2        3        C075
132          2        4        C076
133          2        3        C077
134          2        3        C078
135          2        4        C079
136          2        3        C080
137          2        4        C081
138          2        4        C083
139          2        3        C084
140          1        2        C085
141          2        3        C086
142          2        4        C087
143          2        4        C089
144          2        3        C092
145          2        4        C093
146          2        4        C097
147          2        3        C099
148          2        4        C101
149          2        3        C102
150          2        4        C103
151          2        3        C104
152          2        4        C105
153          2        3        C106
154          2        3        C107
155          2        3        C108
156          2        4        C109
157          2        4        C110
158          2        4        C111
159          2        4        C112
160          2        3        C113
161          2        3        C114
162          2        4        C115
163          2        4        C116
164          2        3        C118
165          2        3        C119
166          2        4        C120
167          2        3        C121
168          2        3        C122
169          2        4        C123
170          2        4        C124
171          2        4        C125
172          2        3        C127
173          2        3        C136
174          2        3        C201
175          2        3        C221-2
176          2        3        C229
177          2        4        CE6
178          2        4        Colony294
179          2        3        DE0121
180          2        3        DE0148
181          2        3        DE0151
182          2        3        DE0159
183          2        3        DE0270
184          2        3        DE0274
185          2        4        DE0294
186          2        3        DE0375
187          2        3        DE0561
188          2        3        DE0565
189          2        3        DE0567
190          2        3        DE0568
191          2        3        DE0569
192          2        3        DE0575
193          2        4        DE0594
194          2        4        DPC5671
195          1        2        ERR10431371
196          1        2        ERR10432294
197          1        2        ERR10432305
198          2        4        ERR10432413
199          1        2        ERR10432446
200          1        2        ERR10432572
201          2        4        ERR10437034
202          2        4        ERR10437731
203          2        4        ERR10438810
204          1        2        ERR10439023
205          1        2        ERR10439024
206          2        4        ERR10441444
207          2        4        ERR3219573
208          2        3        ERR3219813
209          2        3        ERR3219814
210          2        4        ERR3219906
211          2        4        ERR3219910
212          2        3        ERR3219911
213          2        4        ERR3219913
214          2        3        ERR3219914
215          2        3        ERR3219916
216          2        3        ERR3219921
217          2        3        ERR3219922
218          2        3        ERR3219923
219          2        4        ERR3219927
220          2        3        ERR3357297
221          2        4        ERR3357298
222          2        4        ERR3357301
223          2        3        ERR3357323
224          2        4        ERR3358313
225          2        4        ERR3383522
226          2        4        ERR3383523
227          2        4        ERR4013741
228          1        2        ERR4014870
229          2        4        ERR4014873
230          2        4        ERR4014875
231          2        4        ERR4014883
232          2        4        ERR4014983
233          2        3        ERR4015000
234          2        3        ERR4015080
235          2        3        ERR4015318
236          1        2        FXH-168
237          1        2        GDH8C90P
238          1        2        GDH8C97P
239          1        2        GDY8P136P
240          1        2        GDY8P168P
241          2        4        HAF121
242          2        3        JB027
243          2        4        JBCB14
244          1        2        KACC16562
245          2        3        LK489
246          2        3        NCTC7292
247          1        2        NCTC7526
248          1        2        NCTC7540
249          1        2        NCTC7666
250          1        2        NCTC7687
251          1        2        NCTC7688
252          1        2        NCTC7692
253          2        4        REF_Ss_troy_2014-0902
254          2        4        SDC2
255          2        3        SDD2
256          2        4        SNUC1141
257          2        4        SNUC1435
258          2        4        SNUC1928
259          2        4        SNUC2042
260          2        4        SNUC2120
261          2        4        SNUC2373
262          2        4        SNUC2834
263          2        4        SNUC3102
264          2        4        SNUC3312
265          2        4        SNUC3824
266          2        4        SNUC4138
267          2        4        SNUC4826
268          2        4        SNUC5300
269          2        4        SNUC5359
270          2        4        SNUC5479
271          2        4        SNUC946
272          1        2        SRR10556786
273          1        2        SRR10583088
274          2        4        SRR10611087
275          2        4        SRR11004154
276          2        3        SRR11004155
277          2        3        SRR11004156
278          2        3        SRR11004157
279          2        4        SRR11004158
280          1        2        SRR11004159
281          2        4        SRR11004160
282          2        4        SRR11004161
283          2        4        SRR11004162
284          2        3        SRR11004164
285          2        4        SRR11004165
286          2        4        SRR11004166
287          2        4        SRR11004167
288          2        4        SRR11004168
289          2        4        SRR11004169
290          2        4        SRR11004170
291          2        3        SRR11004171
292          2        3        SRR11004172
293          2        3        SRR11004173
294          2        3        SRR11004174
295          2        4        SRR11004175
296          2        3        SRR11004176
297          2        3        SRR11004177
298          2        3        SRR11004178
299          2        3        SRR11004179
300          2        4        SRR11004180
301          2        4        SRR11004181
302          2        3        SRR11004182
303          2        4        SRR11004183
304          2        3        SRR11004184
305          2        3        SRR11004185
306          2        3        SRR11004186
307          2        3        SRR11004187
308          2        3        SRR11004188
309          2        4        SRR11004189
310          1        2        SRR11004190
311          2        4        SRR11004191
312          2        3        SRR11004192
313          2        4        SRR11004193
314          2        3        SRR11004194
315          2        4        SRR11004195
316          2        3        SRR11004196
317          2        4        SRR11004197
318          2        3        SRR11004198
319          2        4        SRR11004199
320          2        3        SRR11004200
321          2        3        SRR11004201
322          2        3        SRR11004202
323          2        3        SRR11004203
324          2        3        SRR11004204
325          2        3        SRR11004205
326          2        3        SRR11004206
327          2        4        SRR11004207
328          2        3        SRR11004208
329          2        3        SRR11004209
330          2        3        SRR11004210
331          2        3        SRR11004211
332          2        3        SRR11004212
333          1        2        SRR11004213
334          1        2        SRR11004214
335          1        2        SRR11004215
336          1        2        SRR11004216
337          2        4        SRR11004217
338          2        4        SRR11004218
339          2        3        SRR11004219
340          2        3        SRR11004220
341          2        3        SRR11004221
342          2        3        SRR11004222
343          2        4        SRR11004223
344          2        3        SRR11004224
345          2        4        SRR11004225
346          2        4        SRR11004226
347          2        3        SRR11004227
348          2        3        SRR11004228
349          2        3        SRR11004229
350          2        4        SRR11004230
351          2        3        SRR11004231
352          2        4        SRR11004232
353          1        2        SRR11004233
354          2        3        SRR11004234
355          2        3        SRR11004235
356          2        3        SRR11004236
357          2        3        SRR11004237
358          2        3        SRR11004238
359          2        4        SRR11004239
360          2        3        SRR11004240
361          2        4        SRR11004241
362          2        3        SRR11004243
363          2        4        SRR11004244
364          2        4        SRR11004245
365          2        3        SRR11004246
366          2        3        SRR11004247
367          2        3        SRR11004248
368          2        3        SRR11004249
369          2        3        SRR11004250
370          2        3        SRR11004251
371          2        3        SRR11004252
372          2        3        SRR11004253
373          2        3        SRR11004254
374          1        2        SRR11004255
375          2        4        SRR11004256
376          2        3        SRR11004257
377          2        4        SRR11004258
378          2        3        SRR11004259
379          2        3        SRR11004260
380          1        1        SRR11004261
381          2        4        SRR11004262
382          2        3        SRR11004263
383          2        3        SRR11004264
384          2        4        SRR11004265
385          2        4        SRR11004266
386          2        3        SRR11004267
387          2        3        SRR11004268
388          2        4        SRR11004269
389          1        2        SRR11004270
390          2        4        SRR11004271
391          1        2        SRR11004272
392          1        2        SRR11004273
393          1        2        SRR11004274
394          1        2        SRR11004275
395          2        3        SRR11004276
396          2        3        SRR11004277
397          1        2        SRR11004278
398          2        4        SRR11004279
399          1        2        SRR11004280
400          2        4        SRR11004281
401          2        4        SRR11004282
402          1        2        SRR11004283
403          2        4        SRR11004284
404          1        2        SRR11004285
405          2        3        SRR11004286
406          2        3        SRR11004287
407          2        3        SRR11004288
408          1        2        SRR11004289
409          1        2        SRR11004290
410          2        4        SRR11004291
411          1        2        SRR11004292
412          2        4        SRR11004293
413          2        4        SRR11004294
414          1        2        SRR11004295
415          1        2        SRR11004296
416          2        4        SRR11004297
417          2        4        SRR11004298
418          2        3        SRR11004299
419          2        3        SRR11004300
420          2        4        SRR11004301
421          1        2        SRR11004302
422          2        4        SRR11004303
423          2        4        SRR11004304
424          2        4        SRR11004305
425          2        4        SRR11004306
426          1        2        SRR11004307
427          1        2        SRR11004308
428          2        4        SRR11004309
429          1        2        SRR11004310
430          2        4        SRR11004311
431          2        4        SRR11004312
432          2        4        SRR11004313
433          2        4        SRR11004314
434          2        4        SRR11004315
435          2        3        SRR11004316
436          1        2        SRR11004317
437          2        4        SRR11004318
438          1        2        SRR11004319
439          2        4        SRR11004320
440          2        3        SRR11004321
441          2        4        SRR11004322
442          2        4        SRR11004323
443          2        4        SRR11004324
444          2        4        SRR11004325
445          2        4        SRR11004326
446          2        4        SRR11004327
447          2        4        SRR11004328
448          2        4        SRR11004329
449          2        4        SRR11004330
450          2        4        SRR11004331
451          2        3        SRR11004332
452          1        2        SRR11004333
453          2        4        SRR11004334
454          1        2        SRR11004335
455          1        2        SRR11004336
456          1        2        SRR11004337
457          2        4        SRR11004338
458          1        2        SRR11004339
459          2        3        SRR11004340
460          1        2        SRR11004341
461          1        2        SRR11004342
462          2        4        SRR11004343
463          1        2        SRR11004344
464          1        2        SRR11004346
465          2        4        SRR11004347
466          2        4        SRR11004348
467          2        3        SRR11004349
468          2        3        SRR11004350
469          1        2        SRR11004351
470          2        4        SRR11004352
471          1        2        SRR11004353
472          2        4        SRR11004354
473          1        2        SRR11004355
474          1        2        SRR11004356
475          1        2        SRR11004357
476          2        3        SRR11004358
477          2        3        SRR11004359
478          1        2        SRR11004360
479          2        4        SRR11004361
480          2        4        SRR11004362
481          1        2        SRR11004363
482          1        2        SRR11004364
483          2        3        SRR11004365
484          1        2        SRR11004366
485          2        4        SRR11004367
486          2        3        SRR11004368
487          1        2        SRR11004369
488          1        2        SRR11004370
489          1        2        SRR11004371
490          2        4        SRR11004372
491          2        4        SRR11004373
492          1        2        SRR11004374
493          1        2        SRR11004375
494          2        3        SRR11004376
495          2        4        SRR11004377
496          1        2        SRR11004378
497          2        3        SRR11004379
498          1        2        SRR11004380
499          2        3        SRR11004381
500          2        4        SRR11004382
501          2        4        SRR11004383
502          2        3        SRR11004384
503          2        4        SRR11004385
504          2        4        SRR11004386
505          2        4        SRR11004387
506          2        3        SRR11004388
507          1        2        SRR11004389
508          2        4        SRR11004390
509          2        4        SRR11004391
510          2        4        SRR11004392
511          1        2        SRR11004393
512          2        3        SRR11004394
513          2        4        SRR11004395
514          2        3        SRR11004396
515          2        4        SRR11004397
516          2        4        SRR11004398
517          2        4        SRR11004399
518          1        2        SRR11004400
519          2        4        SRR11004401
520          1        2        SRR11004402
521          2        3        SRR11004403
522          2        4        SRR11004404
523          2        4        SRR11004405
524          2        3        SRR11004406
525          1        2        SRR11004407
526          1        2        SRR11004408
527          2        4        SRR11004409
528          2        4        SRR11004410
529          2        4        SRR11004411
530          2        4        SRR11004412
531          2        4        SRR11004413
532          1        2        SRR11004414
533          2        4        SRR11004415
534          2        4        SRR11004416
535          2        3        SRR11004417
536          1        2        SRR11004418
537          1        2        SRR11004419
538          2        4        SRR11004420
539          2        3        SRR11004421
540          2        4        SRR11004422
541          2        3        SRR11004423
542          2        3        SRR11004424
543          1        2        SRR11004425
544          2        4        SRR11004426
545          2        4        SRR11004427
546          2        4        SRR11004428
547          1        2        SRR11004429
548          1        2        SRR11004430
549          1        2        SRR11004431
550          2        3        SRR11004432
551          1        2        SRR11004433
552          2        4        SRR11004434
553          2        3        SRR11004435
554          2        3        SRR11004436
555          1        2        SRR11004437
556          2        3        SRR11004438
557          1        2        SRR11004439
558          1        2        SRR11004440
559          2        4        SRR11004441
560          1        2        SRR11004442
561          2        4        SRR11004443
562          1        2        SRR11004444
563          1        2        SRR11004445
564          1        2        SRR11004446
565          1        2        SRR11004447
566          2        4        SRR11004448
567          1        2        SRR11004449
568          1        2        SRR11004450
569          2        3        SRR11004451
570          1        2        SRR11004452
571          1        2        SRR11004453
572          2        4        SRR11004454
573          1        2        SRR11004455
574          1        2        SRR11004456
575          1        2        SRR11004457
576          2        4        SRR11004458
577          2        4        SRR11004459
578          2        4        SRR11004460
579          1        2        SRR11004461
580          1        2        SRR11004462
581          1        2        SRR11004463
582          2        3        SRR11004464
583          2        4        SRR11004465
584          2        3        SRR11004466
585          2        4        SRR11004467
586          1        2        SRR11004468
587          1        2        SRR11004469
588          2        3        SRR11004470
589          2        4        SRR11004471
590          2        4        SRR11004472
591          2        4        SRR11004473
592          2        4        SRR11004474
593          2        4        SRR11004475
594          2        3        SRR11004476
595          2        4        SRR11004477
596          2        4        SRR11004478
597          2        3        SRR11004479
598          2        4        SRR11004480
599          2        3        SRR11004481
600          2        4        SRR11004482
601          2        3        SRR11004483
602          2        4        SRR11004484
603          2        3        SRR11004485
604          2        3        SRR11004486
605          2        4        SRR11004487
606          2        4        SRR11004488
607          2        4        SRR11004489
608          1        2        SRR11004490
609          1        2        SRR11004491
610          2        3        SRR11004492
611          2        3        SRR11004493
612          1        2        SRR11004494
613          2        4        SRR11004495
614          2        4        SRR11004498
615          2        4        SRR11004499
616          2        4        SRR11004500
617          2        3        SRR11004501
618          2        3        SRR11004502
619          2        4        SRR11004503
620          2        3        SRR11004504
621          2        3        SRR11004505
622          2        3        SRR11004506
623          2        3        SRR11004507
624          2        3        SRR11004508
625          2        3        SRR11004509
626          2        4        SRR11004510
627          2        4        SRR11004511
628          2        4        SRR11004512
629          2        3        SRR11004513
630          2        3        SRR11004514
631          2        4        SRR11004515
632          2        3        SRR11004516
633          2        4        SRR11004517
634          2        4        SRR11004518
635          2        3        SRR11004519
636          2        4        SRR11004520
637          2        4        SRR11004521
638          2        3        SRR11004522
639          2        3        SRR11004523
640          2        4        SRR11004524
641          2        3        SRR11004525
642          2        3        SRR11004526
643          2        4        SRR11004527
644          2        4        SRR11004528
645          2        3        SRR11004529
646          2        4        SRR11004530
647          1        2        SRR11004531
648          2        3        SRR11004532
649          2        4        SRR11004533
650          2        3        SRR11004534
651          2        3        SRR11004535
652          2        3        SRR11004536
653          2        4        SRR11004537
654          2        3        SRR11004538
655          2        3        SRR11004539
656          1        2        SRR11004540
657          2        3        SRR11004541
658          2        4        SRR11004542
659          2        3        SRR11004543
660          2        4        SRR11004544
661          2        4        SRR11004545
662          2        3        SRR11004546
663          2        3        SRR11004547
664          2        4        SRR11004548
665          2        4        SRR11004549
666          2        3        SRR11004550
667          2        4        SRR11004551
668          2        3        SRR11004552
669          2        4        SRR11004553
670          2        3        SRR11004554
671          2        3        SRR11004555
672          2        3        SRR11004556
673          1        2        SRR12056053
674          2        4        SRR12056163
675          2        3        SRR12056166
676          2        3        SRR12056174
677          2        4        SRR12056308
678          2        4        SRR12056311
679          2        4        SRR12693181
680          2        4        SRR12693190
681          2        4        SRR12693196
682          2        4        SRR12693206
683          2        4        SRR12693217
684          2        4        SRR12693218
685          2        4        SRR12693219
686          2        4        SRR12693220
687          2        4        SRR12693222
688          2        4        SRR12693260
689          2        4        SRR12693265
690          2        4        SRR12693267
691          2        4        SRR12693268
692          2        4        SRR12693269
693          2        4        SRR12693270
694          2        4        SRR12693271
695          2        4        SRR12693272
696          2        4        SRR12693273
697          2        4        SRR12693289
698          2        4        SRR12693290
699          2        4        SRR12762903
700          2        3        SRR13530715
701          2        3        SRR13530737
702          2        3        SRR13530759
703          2        3        SRR13530763
704          2        3        SRR13530783
705          2        3        SRR13530784
706          2        3        SRR13530785
707          2        3        SRR13530792
708          1        2        SRR13674887
709          1        2        SRR13674888
710          1        1        SRR13674889
711          1        2        SRR13674890
712          1        2        SRR13674891
713          2        3        SRR14491919
714          2        3        SRR14571941
715          2        4        SRR16631590
716          2        4        SRR16631687
717          2        4        SRR19995384
718          2        4        SRR19995404
719          2        4        SRR19995405
720          2        4        SRR19995406
721          2        4        SRR19995407
722          2        3        SRR19995408
723          2        3        SRR19995409
724          2        3        SRR19995411
725          2        4        SRR19995412
726          2        4        SRR19995413
727          2        3        SRR19995414
728          2        4        SRR19995415
729          2        4        SRR19995416
730          2        4        SRR19995417
731          2        4        SRR19995418
732          2        4        SRR19995420
733          2        3        SRR19995422
734          2        3        SRR20027742
735          2        3        SRR20313630
736          2        4        SRR20693367
737          1        2        SRR21745898
738          2        4        SRR21745902
739          2        4        SRR2820294
740          2        4        SRR2822469
741          2        3        SRR3057117
742          2        4        SRR3151882
743          2        4        SRR3151883
744          2        4        SRR4938467
745          2        3        SRR4938469
746          2        3        SRR4938470
747          2        3        SRR4938471
748          2        4        SRR4938472
749          2        4        SRR4938473
750          2        3        SRR4938474
751          2        3        SRR4938475
752          2        3        SRR4938476
753          2        3        SRR4938477
754          2        3        SRR4938478
755          2        4        SRR5029746
756          2        3        SRR5029764
757          2        3        SRR5419951
758          2        3        SRR5440743
759          2        3        SRR6265703
760          2        3        SRR6265704
761          2        4        SRR6265705
762          2        4        SRR6265707
763          2        4        SRR6265708
764          2        4        SRR6265709
765          2        3        SRR7771798
766          2        4        SRR9647826
767          2        4        SRR9647862
768          2        3        SRR9647876
769          1        2        SS116
770          2        4        SS410
771          1        2        SS413
772          2        3        SS45
773          1        2        SS536
774          1        2        SS543
775          2        3        SS546
776          1        2        SU8
777          2        4        SW396
778          2        4        s43
779          2        3        ww2
780          2        4        ww3
